 &SCALES_NML
 Q_SCALE =   10.6600000000000     ,
 UG_DIM  =   2.00000000000000     ,
 VG_DIM  =  0.000000000000000E+000
 /
